RMSE: 3.09
MAE: 2.3240633
R2: 0.9582196257760874

